//
0, 480, 960, 1200, 1440, 
1920, 2160, 2400, 2640,
2880, 3120, 3360, 3600,
3840, 4080, 4320, 4560,
4800, 5040, 5280, 5520,
5760, 6000, 6240, 6480,
6720, 6960, 7200, 7440,
7680, 7920, 8160, 8400,
8640, 8880, 9120, 9360,

//bpm120 各小節
0, 960, 1920, 2880, 3840, 4800, 5760, 6720, 7680, 8640, 9600, 10560, 11520, 12480, 13440, 14400

//domino
480
1440
2400
2880
3360
4320
4800
5280
5760
6240
6720
7200
7680
8160
8640
9120
9600
10080
10560
11040
11520
12000
12480
12960
13440
13920
14400
14880
15360
15840
16320
16800
17280
17760
18240
18720
19200

//全体に-480
0
960
1920
2400
2880
3840
4320
4800
5280
5760
6240
6720
7200
7680
8160
8640
9120
9600
10080
10560
11040
11520
12000
12480
12960
13440
13920
14400
14880
15360
15840
16320
16800
17280
17760
18240
18720

//excel用
480	-1
480	1
480	-1
1440	-1
1440	1
1440	-1
2400	-1
2400	1
2400	-1
2880	-1
2880	1
2880	-1
3360	-1
3360	1
3360	-1
4320	-1
4320	1
4320	-1
4800	-1
4800	1
4800	-1
5280	-1
5280	1
5280	-1
5760	-1
5760	1
5760	-1
6240	-1
6240	1
6240	-1
6720	-1
6720	1
6720	-1
7200	-1
7200	1
7200	-1
7680	-1
7680	1
7680	-1
8160	-1
8160	1
8160	-1
8640	-1
8640	1
8640	-1
9120	-1
9120	1
9120	-1
9600	-1
9600	1
9600	-1
10080	-1
10080	1
10080	-1
10560	-1
10560	1
10560	-1
11040	-1
11040	1
11040	-1
11520	-1
11520	1
11520	-1
12000	-1
12000	1
12000	-1
12480	-1
12480	1
12480	-1
12960	-1
12960	1
12960	-1
13440	-1
13440	1
13440	-1
13920	-1
13920	1
13920	-1
14400	-1
14400	1
14400	-1
14880	-1
14880	1
14880	-1
15360	-1
15360	1
15360	-1
15840	-1
15840	1
15840	-1
16320	-1
16320	1
16320	-1
16800	-1
16800	1
16800	-1
17280	-1
17280	1
17280	-1
17760	-1
17760	1
17760	-1
18240	-1
18240	1
18240	-1
18720	-1
18720	1
18720	-1
19200	-1
19200	1
19200	-1